830
4 9 11 2 1 1 7 5
11 2 4 9 1 1 7 5
12 12 24 24 19 5 25 17
4 6 15 9 1 1 11 11
19 5 25 17 12 12 24 24
0 18 8 12 1 1 11 11
2 4 4 2 1 1 11 11
-4 9 -11 2 -1 1 -7 5
-11 2 -4 9 -1 1 -7 5
-12 12 -24 24 -19 5 -25 17
-4 6 -15 9 -1 1 -11 11
-19 5 -25 17 -12 12 -24 24
0 18 -8 12 -1 1 -11 11
-2 4 -4 2 -1 1 -11 11
4 -9 11 -2 1 -1 7 -5
11 -2 4 -9 1 -1 7 -5
12 -12 24 -24 19 -5 25 -17
4 -6 15 -9 1 -1 11 -11
19 -5 25 -17 12 -12 24 -24
0 -18 8 -12 1 -1 11 -11
2 -4 4 -2 1 -1 11 -11
-4 -9 -11 -2 -1 -1 -7 -5
-11 -2 -4 -9 -1 -1 -7 -5
-12 -12 -24 -24 -19 -5 -25 -17
-4 -6 -15 -9 -1 -1 -11 -11
-19 -5 -25 -17 -12 -12 -24 -24
0 -18 -8 -12 -1 -1 -11 -11
-2 -4 -4 -2 -1 -1 -11 -11
9 1 9 2 4 3 9 6
9 2 9 1 4 3 9 6
10 3 13 3 4 3 9 6
13 3 10 3 4 3 9 6
10 6 14 6 4 3 9 6
14 6 10 6 4 3 9 6
9 7 9 10 4 3 9 6
9 10 9 7 4 3 9 6
4 7 4 10 4 3 9 6
4 10 4 7 4 3 9 6
0 6 3 6 4 3 9 6
3 6 0 6 4 3 9 6
1 3 3 3 4 3 9 6
3 3 1 3 4 3 9 6
4 0 4 2 4 3 9 6
4 2 4 0 4 3 9 6
5 3 8 5 4 3 9 6
8 5 5 3 4 3 9 6
5 3 8 3 4 3 9 6
8 3 5 3 4 3 9 6
6 4 6 5 4 3 9 6
6 5 6 4 4 3 9 6
4 3 9 6 4 3 9 6
9 6 4 3 4 3 9 6
4 3 5 4 4 3 9 6
5 4 4 3 4 3 9 6
5 3 8 3 4 3 9 6
8 3 5 3 4 3 9 6
5 3 9 3 4 3 9 6
9 3 5 3 4 3 9 6
4 4 4 5 4 3 9 6
4 5 4 4 4 3 9 6
4 3 4 5 4 3 9 6
4 5 4 3 4 3 9 6
4 3 4 6 4 3 9 6
4 6 4 3 4 3 9 6
9 2 9 5 4 3 9 6
9 5 9 2 4 3 9 6
9 2 9 7 4 3 9 6
9 7 9 2 4 3 9 6
0 0 0 1 -20000 20000 20000 -20000
19999 20000 20000 19999 -20000 20000 20000 -20000
20001 20000 20000 20001 20000 -20000 -20000 20000
0 0 0 1 -20000 20000 20000 -20000
19999 20000 20000 19999 -20000 20000 20000 -20000
20001 20000 20000 20001 20000 -20000 -20000 20000
0 0 0 1 -20000 20000 20000 -20000
19999 20000 20000 19999 -20000 20000 20000 -20000
20001 20000 20000 20001 20000 -20000 -20000 20000
0 0 0 1 -20000 20000 20000 -20000
19999 20000 20000 19999 -20000 20000 20000 -20000
20001 20000 20000 20001 20000 -20000 -20000 20000
0 0 0 1 -20000 20000 20000 -20000
19999 20000 20000 19999 -20000 20000 20000 -20000
20001 20000 20000 20001 20000 -20000 -20000 20000
0 0 0 1 -20000 20000 20000 -20000
19999 20000 20000 19999 -20000 20000 20000 -20000
20001 20000 20000 20001 20000 -20000 -20000 20000
0 0 0 1 -20000 20000 20000 -20000
19999 20000 20000 19999 -20000 20000 20000 -20000
20001 20000 20000 20001 20000 -20000 -20000 20000
0 0 0 1 -20000 20000 20000 -20000
19999 20000 20000 19999 -20000 20000 20000 -20000
20001 20000 20000 20001 20000 -20000 -20000 20000
0 0 0 1 -20000 20000 20000 -20000
19999 20000 20000 19999 -20000 20000 20000 -20000
20001 20000 20000 20001 20000 -20000 -20000 20000
0 0 0 1 -20000 20000 20000 -20000
19999 20000 20000 19999 -20000 20000 20000 -20000
20001 20000 20000 20001 20000 -20000 -20000 20000
0 0 0 1 -20000 20000 20000 -20000
19999 20000 20000 19999 -20000 20000 20000 -20000
20001 20000 20000 20001 20000 -20000 -20000 20000
0 0 0 1 -20000 20000 20000 -20000
19999 20000 20000 19999 -20000 20000 20000 -20000
20001 20000 20000 20001 20000 -20000 -20000 20000
0 0 0 1 -20000 20000 20000 -20000
19999 20000 20000 19999 -20000 20000 20000 -20000
20001 20000 20000 20001 20000 -20000 -20000 20000
0 0 0 1 -20000 20000 20000 -20000
19999 20000 20000 19999 -20000 20000 20000 -20000
20001 20000 20000 20001 20000 -20000 -20000 20000
0 0 0 1 -20000 20000 20000 -20000
19999 20000 20000 19999 -20000 20000 20000 -20000
20001 20000 20000 20001 20000 -20000 -20000 20000
0 0 0 1 -20000 20000 20000 -20000
19999 20000 20000 19999 -20000 20000 20000 -20000
20001 20000 20000 20001 20000 -20000 -20000 20000
0 0 0 1 -20000 20000 20000 -20000
19999 20000 20000 19999 -20000 20000 20000 -20000
20001 20000 20000 20001 20000 -20000 -20000 20000
0 0 0 1 -20000 20000 20000 -20000
19999 20000 20000 19999 -20000 20000 20000 -20000
20001 20000 20000 20001 20000 -20000 -20000 20000
0 0 0 1 -20000 20000 20000 -20000
19999 20000 20000 19999 -20000 20000 20000 -20000
20001 20000 20000 20001 20000 -20000 -20000 20000
0 0 0 1 -20000 20000 20000 -20000
19999 20000 20000 19999 -20000 20000 20000 -20000
20001 20000 20000 20001 20000 -20000 -20000 20000
0 0 0 1 -20000 20000 20000 -20000
19999 20000 20000 19999 -20000 20000 20000 -20000
20001 20000 20000 20001 20000 -20000 -20000 20000
0 0 0 1 -20000 20000 20000 -20000
19999 20000 20000 19999 -20000 20000 20000 -20000
20001 20000 20000 20001 20000 -20000 -20000 20000
0 0 0 1 -20000 20000 20000 -20000
19999 20000 20000 19999 -20000 20000 20000 -20000
20001 20000 20000 20001 20000 -20000 -20000 20000
0 0 0 1 -20000 20000 20000 -20000
19999 20000 20000 19999 -20000 20000 20000 -20000
20001 20000 20000 20001 20000 -20000 -20000 20000
0 0 0 1 -20000 20000 20000 -20000
19999 20000 20000 19999 -20000 20000 20000 -20000
20001 20000 20000 20001 20000 -20000 -20000 20000
0 0 0 1 -20000 20000 20000 -20000
19999 20000 20000 19999 -20000 20000 20000 -20000
20001 20000 20000 20001 20000 -20000 -20000 20000
0 0 0 1 -20000 20000 20000 -20000
19999 20000 20000 19999 -20000 20000 20000 -20000
20001 20000 20000 20001 20000 -20000 -20000 20000
0 0 0 1 -20000 20000 20000 -20000
19999 20000 20000 19999 -20000 20000 20000 -20000
20001 20000 20000 20001 20000 -20000 -20000 20000
0 0 0 1 -20000 20000 20000 -20000
19999 20000 20000 19999 -20000 20000 20000 -20000
20001 20000 20000 20001 20000 -20000 -20000 20000
0 0 0 1 -20000 20000 20000 -20000
19999 20000 20000 19999 -20000 20000 20000 -20000
20001 20000 20000 20001 20000 -20000 -20000 20000
0 0 0 1 -20000 20000 20000 -20000
19999 20000 20000 19999 -20000 20000 20000 -20000
20001 20000 20000 20001 20000 -20000 -20000 20000
7 5 3 7 10 10 20 20
6 1 8 10 10 10 20 20
7 2 3 11 10 10 20 20
8 2 2 20 10 10 20 20
4 2 6 22 10 10 20 20
6 1 10 2 10 10 20 20
9 2 10 10 10 10 20 20
1 8 10 18 10 10 20 20
6 9 10 20 10 10 20 20
5 2 10 27 10 10 20 20
8 7 14 4 10 10 20 20
8 3 14 10 10 10 20 20
3 8 13 11 10 10 20 20
9 3 14 20 10 10 20 20
3 8 16 25 10 10 20 20
5 2 20 9 10 10 20 20
9 8 20 10 10 10 20 20
3 2 20 12 10 10 20 20
8 2 20 20 10 10 20 20
4 3 20 29 10 10 20 20
9 8 29 5 10 10 20 20
3 8 25 10 10 10 20 20
2 2 22 17 10 10 20 20
2 1 22 20 10 10 20 20
4 6 23 29 10 10 20 20
2 10 6 9 10 10 20 20
9 10 8 10 10 10 20 20
8 10 3 14 10 10 20 20
2 10 6 20 10 10 20 20
6 10 7 29 10 10 20 20
4 10 10 3 10 10 20 20
6 10 10 10 10 10 20 20
5 10 10 19 10 10 20 20
5 10 10 20 10 10 20 20
2 10 10 29 10 10 20 20
2 10 15 6 10 10 20 20
3 10 16 10 10 10 20 20
5 10 19 14 10 10 20 20
6 10 16 20 10 10 20 20
6 10 15 24 10 10 20 20
8 10 20 7 10 10 20 20
1 10 20 10 10 10 20 20
4 10 20 13 10 10 20 20
5 10 20 20 10 10 20 20
4 10 20 22 10 10 20 20
6 10 25 2 10 10 20 20
8 10 26 10 10 10 20 20
5 10 25 13 10 10 20 20
2 10 23 20 10 10 20 20
1 10 29 28 10 10 20 20
2 15 2 1 10 10 20 20
1 18 5 10 10 10 20 20
1 12 9 18 10 10 20 20
3 16 4 20 10 10 20 20
1 14 8 25 10 10 20 20
2 17 10 6 10 10 20 20
2 19 10 10 10 10 20 20
8 11 10 11 10 10 20 20
2 15 10 20 10 10 20 20
9 14 10 29 10 10 20 20
2 17 12 4 10 10 20 20
3 18 15 10 10 10 20 20
3 14 15 15 10 10 20 20
7 11 15 20 10 10 20 20
1 19 13 25 10 10 20 20
3 12 20 1 10 10 20 20
7 19 20 10 10 10 20 20
8 18 20 15 10 10 20 20
9 18 20 20 10 10 20 20
2 15 20 24 10 10 20 20
3 16 21 9 10 10 20 20
1 18 25 10 10 10 20 20
7 13 21 13 10 10 20 20
5 18 26 20 10 10 20 20
4 16 27 26 10 10 20 20
7 20 8 7 10 10 20 20
7 20 3 10 10 10 20 20
6 20 4 17 10 10 20 20
8 20 3 20 10 10 20 20
1 20 9 28 10 10 20 20
6 20 10 8 10 10 20 20
8 20 10 10 10 10 20 20
9 20 10 19 10 10 20 20
2 20 10 20 10 10 20 20
6 20 10 27 10 10 20 20
1 20 19 7 10 10 20 20
6 20 13 10 10 10 20 20
4 20 12 11 10 10 20 20
7 20 13 20 10 10 20 20
1 20 16 26 10 10 20 20
7 20 20 5 10 10 20 20
7 20 20 10 10 10 20 20
7 20 20 18 10 10 20 20
2 20 20 20 10 10 20 20
3 20 20 28 10 10 20 20
2 20 23 9 10 10 20 20
8 20 23 10 10 10 20 20
8 20 21 12 10 10 20 20
6 20 21 20 10 10 20 20
3 20 21 29 10 10 20 20
5 27 2 9 10 10 20 20
9 24 2 10 10 10 20 20
2 27 7 18 10 10 20 20
5 24 7 20 10 10 20 20
2 24 3 29 10 10 20 20
5 28 10 6 10 10 20 20
2 28 10 10 10 10 20 20
8 23 10 14 10 10 20 20
2 22 10 20 10 10 20 20
6 27 10 24 10 10 20 20
2 25 19 2 10 10 20 20
6 22 14 10 10 10 20 20
3 25 17 18 10 10 20 20
1 26 13 20 10 10 20 20
6 26 12 24 10 10 20 20
7 22 20 6 10 10 20 20
6 23 20 10 10 10 20 20
7 27 20 15 10 10 20 20
3 27 20 20 10 10 20 20
4 28 20 23 10 10 20 20
3 22 23 2 10 10 20 20
3 28 21 10 10 10 20 20
1 22 27 13 10 10 20 20
8 24 29 20 10 10 20 20
2 23 24 28 10 10 20 20
10 1 8 3 10 10 20 20
10 7 9 10 10 10 20 20
10 4 9 15 10 10 20 20
10 4 1 20 10 10 20 20
10 4 2 24 10 10 20 20
10 5 10 7 10 10 20 20
10 9 10 10 10 10 20 20
10 3 10 11 10 10 20 20
10 2 10 20 10 10 20 20
10 4 10 25 10 10 20 20
10 4 17 5 10 10 20 20
10 8 17 10 10 10 20 20
10 3 14 12 10 10 20 20
10 1 11 20 10 10 20 20
10 4 15 28 10 10 20 20
10 7 20 3 10 10 20 20
10 1 20 10 10 10 20 20
10 3 20 13 10 10 20 20
10 9 20 20 10 10 20 20
10 5 20 22 10 10 20 20
10 4 29 4 10 10 20 20
10 9 25 10 10 10 20 20
10 9 22 11 10 10 20 20
10 1 21 20 10 10 20 20
10 6 24 26 10 10 20 20
10 10 8 9 10 10 20 20
10 10 1 10 10 10 20 20
10 10 9 18 10 10 20 20
10 10 1 20 10 10 20 20
10 10 1 22 10 10 20 20
10 10 10 5 10 10 20 20
10 10 10 15 10 10 20 20
10 10 10 20 10 10 20 20
10 10 10 25 10 10 20 20
10 10 16 3 10 10 20 20
10 10 18 10 10 10 20 20
10 10 12 16 10 10 20 20
10 10 17 20 10 10 20 20
10 10 18 22 10 10 20 20
10 10 20 4 10 10 20 20
10 10 20 10 10 10 20 20
10 10 20 17 10 10 20 20
10 10 20 20 10 10 20 20
10 10 20 29 10 10 20 20
10 10 23 6 10 10 20 20
10 10 21 10 10 10 20 20
10 10 28 14 10 10 20 20
10 10 23 20 10 10 20 20
10 10 25 23 10 10 20 20
10 19 6 6 10 10 20 20
10 14 3 10 10 10 20 20
10 11 9 13 10 10 20 20
10 11 3 20 10 10 20 20
10 18 4 23 10 10 20 20
10 14 10 5 10 10 20 20
10 19 10 10 10 10 20 20
10 13 10 17 10 10 20 20
10 13 10 20 10 10 20 20
10 11 10 27 10 10 20 20
10 14 16 3 10 10 20 20
10 15 12 10 10 10 20 20
10 14 19 19 10 10 20 20
10 11 15 20 10 10 20 20
10 13 13 28 10 10 20 20
10 15 20 5 10 10 20 20
10 12 20 10 10 10 20 20
10 11 20 18 10 10 20 20
10 17 20 20 10 10 20 20
10 13 20 21 10 10 20 20
10 14 25 9 10 10 20 20
10 11 24 10 10 10 20 20
10 11 24 18 10 10 20 20
10 18 22 20 10 10 20 20
10 18 21 25 10 10 20 20
10 20 7 5 10 10 20 20
10 20 4 10 10 10 20 20
10 20 4 17 10 10 20 20
10 20 3 20 10 10 20 20
10 20 7 21 10 10 20 20
10 20 10 3 10 10 20 20
10 20 10 10 10 10 20 20
10 20 10 15 10 10 20 20
10 20 10 27 10 10 20 20
10 20 16 7 10 10 20 20
10 20 15 10 10 10 20 20
10 20 13 15 10 10 20 20
10 20 13 20 10 10 20 20
10 20 19 25 10 10 20 20
10 20 20 4 10 10 20 20
10 20 20 10 10 10 20 20
10 20 20 19 10 10 20 20
10 20 20 20 10 10 20 20
10 20 20 24 10 10 20 20
10 20 29 2 10 10 20 20
10 20 24 10 10 10 20 20
10 20 21 15 10 10 20 20
10 20 25 20 10 10 20 20
10 20 25 22 10 10 20 20
10 23 7 8 10 10 20 20
10 28 7 10 10 10 20 20
10 24 3 18 10 10 20 20
10 29 6 20 10 10 20 20
10 23 9 28 10 10 20 20
10 26 10 8 10 10 20 20
10 29 10 10 10 10 20 20
10 22 10 11 10 10 20 20
10 25 10 20 10 10 20 20
10 27 10 26 10 10 20 20
10 28 12 9 10 10 20 20
10 28 15 10 10 10 20 20
10 22 17 18 10 10 20 20
10 29 13 20 10 10 20 20
10 21 13 28 10 10 20 20
10 24 20 3 10 10 20 20
10 22 20 10 10 10 20 20
10 21 20 19 10 10 20 20
10 23 20 20 10 10 20 20
10 22 20 21 10 10 20 20
10 28 23 1 10 10 20 20
10 23 29 10 10 10 20 20
10 29 27 19 10 10 20 20
10 24 25 20 10 10 20 20
10 23 29 29 10 10 20 20
12 1 1 2 10 10 20 20
16 3 7 10 10 10 20 20
17 5 6 11 10 10 20 20
13 9 9 20 10 10 20 20
15 4 2 23 10 10 20 20
16 6 10 8 10 10 20 20
14 8 10 10 10 10 20 20
13 1 10 13 10 10 20 20
14 2 10 20 10 10 20 20
12 1 10 24 10 10 20 20
14 5 13 9 10 10 20 20
12 2 18 10 10 10 20 20
19 8 19 17 10 10 20 20
14 3 15 20 10 10 20 20
12 9 13 23 10 10 20 20
13 8 20 3 10 10 20 20
15 5 20 10 10 10 20 20
19 3 20 11 10 10 20 20
13 6 20 20 10 10 20 20
15 1 20 27 10 10 20 20
12 8 29 6 10 10 20 20
19 6 23 10 10 10 20 20
19 4 25 17 10 10 20 20
16 1 27 20 10 10 20 20
14 4 22 22 10 10 20 20
12 10 2 6 10 10 20 20
16 10 6 10 10 10 20 20
17 10 9 12 10 10 20 20
16 10 1 20 10 10 20 20
12 10 3 29 10 10 20 20
18 10 10 3 10 10 20 20
12 10 10 10 10 10 20 20
12 10 10 18 10 10 20 20
12 10 10 20 10 10 20 20
14 10 10 24 10 10 20 20
18 10 12 2 10 10 20 20
12 10 19 10 10 10 20 20
17 10 17 11 10 10 20 20
12 10 17 20 10 10 20 20
14 10 15 26 10 10 20 20
16 10 20 6 10 10 20 20
18 10 20 10 10 10 20 20
12 10 20 16 10 10 20 20
11 10 20 20 10 10 20 20
11 10 20 22 10 10 20 20
13 10 28 5 10 10 20 20
14 10 26 10 10 10 20 20
18 10 28 18 10 10 20 20
13 10 24 20 10 10 20 20
16 10 23 26 10 10 20 20
19 19 9 7 10 10 20 20
16 15 8 10 10 10 20 20
15 15 2 19 10 10 20 20
16 16 5 20 10 10 20 20
12 15 2 27 10 10 20 20
13 19 10 5 10 10 20 20
17 11 10 10 10 10 20 20
18 12 10 18 10 10 20 20
18 16 10 20 10 10 20 20
19 17 10 22 10 10 20 20
12 16 16 8 10 10 20 20
11 11 19 10 10 10 20 20
15 12 15 16 10 10 20 20
13 19 13 20 10 10 20 20
16 15 13 24 10 10 20 20
15 18 20 4 10 10 20 20
15 12 20 10 10 10 20 20
11 12 20 15 10 10 20 20
16 13 20 20 10 10 20 20
13 18 20 22 10 10 20 20
17 13 24 2 10 10 20 20
19 14 24 10 10 10 20 20
18 15 21 11 10 10 20 20
16 17 29 20 10 10 20 20
18 12 21 22 10 10 20 20
19 20 5 9 10 10 20 20
12 20 1 10 10 10 20 20
19 20 5 16 10 10 20 20
17 20 4 20 10 10 20 20
12 20 3 24 10 10 20 20
16 20 10 8 10 10 20 20
14 20 10 10 10 10 20 20
19 20 10 16 10 10 20 20
18 20 10 20 10 10 20 20
17 20 10 27 10 10 20 20
17 20 15 2 10 10 20 20
13 20 18 10 10 10 20 20
19 20 13 17 10 10 20 20
12 20 17 20 10 10 20 20
11 20 11 28 10 10 20 20
11 20 20 2 10 10 20 20
16 20 20 10 10 10 20 20
14 20 20 13 10 10 20 20
16 20 20 20 10 10 20 20
13 20 20 23 10 10 20 20
17 20 21 7 10 10 20 20
19 20 25 10 10 10 20 20
16 20 21 19 10 10 20 20
19 20 21 20 10 10 20 20
12 20 24 23 10 10 20 20
17 22 3 1 10 10 20 20
15 26 1 10 10 10 20 20
17 24 1 14 10 10 20 20
17 21 5 20 10 10 20 20
19 21 4 26 10 10 20 20
12 27 10 4 10 10 20 20
12 24 10 10 10 10 20 20
13 23 10 19 10 10 20 20
16 26 10 20 10 10 20 20
13 26 10 25 10 10 20 20
12 22 19 4 10 10 20 20
12 24 16 10 10 10 20 20
16 22 17 16 10 10 20 20
14 28 11 20 10 10 20 20
19 21 13 26 10 10 20 20
14 21 20 6 10 10 20 20
12 28 20 10 10 10 20 20
14 27 20 16 10 10 20 20
11 25 20 20 10 10 20 20
13 21 20 24 10 10 20 20
15 27 22 8 10 10 20 20
16 22 27 10 10 10 20 20
14 29 27 17 10 10 20 20
11 21 25 20 10 10 20 20
16 22 22 21 10 10 20 20
20 2 1 4 10 10 20 20
20 8 1 10 10 10 20 20
20 3 3 17 10 10 20 20
20 3 4 20 10 10 20 20
20 6 3 29 10 10 20 20
20 8 10 2 10 10 20 20
20 4 10 10 10 10 20 20
20 5 10 16 10 10 20 20
20 7 10 20 10 10 20 20
20 7 10 23 10 10 20 20
20 5 16 9 10 10 20 20
20 1 11 10 10 10 20 20
20 1 11 16 10 10 20 20
20 8 13 20 10 10 20 20
20 3 17 23 10 10 20 20
20 1 20 6 10 10 20 20
20 1 20 10 10 10 20 20
20 5 20 17 10 10 20 20
20 1 20 20 10 10 20 20
20 3 20 22 10 10 20 20
20 8 29 4 10 10 20 20
20 4 24 10 10 10 20 20
20 6 25 17 10 10 20 20
20 6 28 20 10 10 20 20
20 5 22 29 10 10 20 20
20 10 6 1 10 10 20 20
20 10 3 10 10 10 20 20
20 10 9 14 10 10 20 20
20 10 1 20 10 10 20 20
20 10 2 28 10 10 20 20
20 10 10 8 10 10 20 20
20 10 10 10 10 10 20 20
20 10 10 13 10 10 20 20
20 10 10 20 10 10 20 20
20 10 10 23 10 10 20 20
20 10 13 1 10 10 20 20
20 10 14 10 10 10 20 20
20 10 12 16 10 10 20 20
20 10 15 20 10 10 20 20
20 10 17 21 10 10 20 20
20 10 20 7 10 10 20 20
20 10 20 17 10 10 20 20
20 10 20 20 10 10 20 20
20 10 20 29 10 10 20 20
20 10 26 1 10 10 20 20
20 10 25 10 10 10 20 20
20 10 21 15 10 10 20 20
20 10 28 20 10 10 20 20
20 10 22 28 10 10 20 20
20 16 5 1 10 10 20 20
20 17 6 10 10 10 20 20
20 15 1 12 10 10 20 20
20 14 8 20 10 10 20 20
20 13 3 29 10 10 20 20
20 13 10 3 10 10 20 20
20 19 10 10 10 10 20 20
20 17 10 11 10 10 20 20
20 17 10 20 10 10 20 20
20 18 10 29 10 10 20 20
20 11 11 9 10 10 20 20
20 16 17 10 10 10 20 20
20 15 15 15 10 10 20 20
20 15 11 20 10 10 20 20
20 13 12 28 10 10 20 20
20 17 20 7 10 10 20 20
20 16 20 10 10 10 20 20
20 18 20 13 10 10 20 20
20 19 20 20 10 10 20 20
20 12 20 25 10 10 20 20
20 12 21 3 10 10 20 20
20 19 28 10 10 10 20 20
20 12 27 13 10 10 20 20
20 19 24 20 10 10 20 20
20 19 23 29 10 10 20 20
20 20 2 7 10 10 20 20
20 20 6 10 10 10 20 20
20 20 8 18 10 10 20 20
20 20 1 20 10 10 20 20
20 20 8 22 10 10 20 20
20 20 10 9 10 10 20 20
20 20 10 10 10 10 20 20
20 20 10 19 10 10 20 20
20 20 10 20 10 10 20 20
20 20 10 27 10 10 20 20
20 20 12 4 10 10 20 20
20 20 13 10 10 10 20 20
20 20 12 17 10 10 20 20
20 20 13 20 10 10 20 20
20 20 17 22 10 10 20 20
20 20 20 3 10 10 20 20
20 20 20 10 10 10 20 20
20 20 20 11 10 10 20 20
20 20 20 27 10 10 20 20
20 20 26 6 10 10 20 20
20 20 25 10 10 10 20 20
20 20 21 13 10 10 20 20
20 20 24 20 10 10 20 20
20 20 23 29 10 10 20 20
20 22 5 2 10 10 20 20
20 21 8 10 10 10 20 20
20 25 9 18 10 10 20 20
20 24 4 20 10 10 20 20
20 28 4 27 10 10 20 20
20 23 10 7 10 10 20 20
20 22 10 10 10 10 20 20
20 25 10 17 10 10 20 20
20 21 10 20 10 10 20 20
20 22 10 22 10 10 20 20
20 22 16 1 10 10 20 20
20 25 12 10 10 10 20 20
20 21 15 14 10 10 20 20
20 29 17 20 10 10 20 20
20 22 15 25 10 10 20 20
20 26 20 2 10 10 20 20
20 24 20 10 10 10 20 20
20 28 20 17 10 10 20 20
20 29 20 20 10 10 20 20
20 23 20 21 10 10 20 20
20 24 24 5 10 10 20 20
20 23 29 10 10 10 20 20
20 26 21 11 10 10 20 20
20 29 26 20 10 10 20 20
20 29 26 25 10 10 20 20
22 7 8 9 10 10 20 20
26 7 2 10 10 10 20 20
23 5 1 11 10 10 20 20
24 8 4 20 10 10 20 20
28 6 7 25 10 10 20 20
21 9 10 5 10 10 20 20
24 7 10 10 10 10 20 20
25 3 10 17 10 10 20 20
29 9 10 20 10 10 20 20
21 9 10 21 10 10 20 20
26 6 17 2 10 10 20 20
25 5 19 10 10 10 20 20
24 8 11 13 10 10 20 20
22 5 16 20 10 10 20 20
28 8 18 22 10 10 20 20
28 6 20 1 10 10 20 20
21 9 20 10 10 10 20 20
21 8 20 13 10 10 20 20
23 6 20 20 10 10 20 20
23 5 20 29 10 10 20 20
27 7 29 8 10 10 20 20
25 8 25 10 10 10 20 20
23 3 28 17 10 10 20 20
25 5 22 20 10 10 20 20
27 1 22 29 10 10 20 20
24 10 8 9 10 10 20 20
24 10 5 10 10 10 20 20
28 10 7 18 10 10 20 20
23 10 3 20 10 10 20 20
21 10 8 22 10 10 20 20
27 10 10 7 10 10 20 20
28 10 10 10 10 10 20 20
29 10 10 18 10 10 20 20
26 10 10 20 10 10 20 20
29 10 10 22 10 10 20 20
27 10 19 5 10 10 20 20
21 10 11 10 10 10 20 20
28 10 17 15 10 10 20 20
26 10 16 20 10 10 20 20
23 10 19 24 10 10 20 20
22 10 20 1 10 10 20 20
24 10 20 10 10 10 20 20
22 10 20 17 10 10 20 20
26 10 20 20 10 10 20 20
29 10 20 27 10 10 20 20
29 10 23 1 10 10 20 20
21 10 22 10 10 10 20 20
24 10 28 13 10 10 20 20
24 10 24 20 10 10 20 20
28 10 28 22 10 10 20 20
29 14 3 6 10 10 20 20
22 17 9 10 10 10 20 20
23 15 7 19 10 10 20 20
21 16 6 20 10 10 20 20
26 16 1 29 10 10 20 20
26 11 10 7 10 10 20 20
23 12 10 10 10 10 20 20
21 14 10 13 10 10 20 20
24 16 10 20 10 10 20 20
29 11 10 26 10 10 20 20
24 19 14 8 10 10 20 20
22 13 11 10 10 10 20 20
23 18 13 12 10 10 20 20
25 16 13 20 10 10 20 20
22 17 13 21 10 10 20 20
25 16 20 4 10 10 20 20
25 17 20 10 10 10 20 20
25 17 20 12 10 10 20 20
25 11 20 20 10 10 20 20
24 12 20 28 10 10 20 20
25 18 25 1 10 10 20 20
25 12 25 10 10 10 20 20
25 17 26 16 10 10 20 20
21 12 27 20 10 10 20 20
22 11 29 22 10 10 20 20
22 20 7 4 10 10 20 20
22 20 9 10 10 10 20 20
21 20 3 15 10 10 20 20
24 20 8 20 10 10 20 20
27 20 7 27 10 10 20 20
28 20 10 5 10 10 20 20
21 20 10 10 10 10 20 20
23 20 10 14 10 10 20 20
24 20 10 20 10 10 20 20
22 20 10 27 10 10 20 20
24 20 13 8 10 10 20 20
22 20 18 10 10 10 20 20
23 20 15 12 10 10 20 20
22 20 19 20 10 10 20 20
22 20 11 24 10 10 20 20
23 20 20 9 10 10 20 20
27 20 20 10 10 10 20 20
25 20 20 19 10 10 20 20
29 20 20 20 10 10 20 20
25 20 20 25 10 10 20 20
24 20 28 2 10 10 20 20
27 20 26 10 10 10 20 20
27 20 21 15 10 10 20 20
28 20 29 20 10 10 20 20
24 20 25 26 10 10 20 20
23 21 9 6 10 10 20 20
27 25 6 10 10 10 20 20
22 24 4 12 10 10 20 20
25 28 5 20 10 10 20 20
29 27 9 28 10 10 20 20
23 26 10 2 10 10 20 20
27 21 10 10 10 10 20 20
26 23 10 18 10 10 20 20
23 27 10 20 10 10 20 20
25 27 10 21 10 10 20 20
29 29 13 2 10 10 20 20
22 25 15 10 10 10 20 20
21 25 18 19 10 10 20 20
26 27 12 20 10 10 20 20
22 21 15 28 10 10 20 20
28 26 20 9 10 10 20 20
26 21 20 10 10 10 20 20
22 28 20 12 10 10 20 20
22 26 20 20 10 10 20 20
22 28 20 29 10 10 20 20
26 26 22 5 10 10 20 20
26 25 25 10 10 10 20 20
29 22 29 15 10 10 20 20
25 22 21 20 10 10 20 20
21 25 29 29 10 10 20 20
10 30 15 30 40 20 20 30
10 30 20 30 40 20 20 30
10 30 30 30 40 20 20 30
10 30 40 30 40 20 20 30
10 30 50 30 40 20 20 30
20 30 50 30 40 20 20 30
25 30 50 30 40 20 20 30
40 30 50 30 40 20 20 30
45 30 50 30 40 20 20 30
10 20 15 20 40 20 20 30
10 20 20 20 40 20 20 30
10 20 30 20 40 20 20 30
10 20 40 20 40 20 20 30
10 20 50 20 40 20 20 30
20 20 50 20 40 20 20 30
25 20 50 20 40 20 20 30
40 20 50 20 40 20 20 30
45 20 50 20 40 20 20 30
20 10 20 15 40 20 20 30
20 10 20 20 40 20 20 30
20 10 20 25 40 20 20 30
20 10 20 30 40 20 20 30
20 10 20 50 40 20 20 30
20 20 20 50 40 20 20 30
20 25 20 50 40 20 20 30
20 30 20 50 40 20 20 30
20 45 20 50 40 20 20 30
40 10 40 15 40 20 20 30
40 10 40 20 40 20 20 30
40 10 40 25 40 20 20 30
40 10 40 30 40 20 20 30
40 10 40 50 40 20 20 30
40 20 40 50 40 20 20 30
40 25 40 50 40 20 20 30
40 30 40 50 40 20 20 30
40 45 40 50 40 20 20 30
10 20 40 49 40 20 20 30
10 20 40 50 40 20 20 30
10 20 40 51 40 20 20 30
10 30 40 -1 40 20 20 30
10 30 40 0 40 20 20 30
10 30 40 1 40 20 20 30
50 20 20 49 40 20 20 30
50 20 20 50 40 20 20 30
50 20 20 51 40 20 20 30
50 30 20 -1 40 20 20 30
50 30 20 0 40 20 20 30
50 30 20 1 40 20 20 30